Frame | BF_l1_p1.x | BF_l1_vel.x | BF_l2_p1.x | BF_l2_vel.x | BF_res | QT_l1_p1.x | QT_l1_vel.x | QT_l2_p1.x | QT_l2_vel.x | QT_res | Diverged
------|------------|-------------|------------|-------------|--------|------------|-------------|------------|-------------|--------|----------
    1 | 0.6161016949 | -0.0021186441 | 0.6156779661 | -0.0021186441 |      0 | 0.6161016949 | -0.0021186441 | 0.6156779661 | -0.0021186441 |      0 | NO
    2 | 0.6150423729 | -0.0021186441 | 0.6146186441 | -0.0021186441 |      0 | 0.6150423729 | -0.0021186441 | 0.6146186441 | -0.0021186441 |      0 | NO
    3 | 0.6139830508 | -0.0021186441 | 0.6135593220 | -0.0021186441 |      0 | 0.6139830508 | -0.0021186441 | 0.6135593220 | -0.0021186441 |      0 | NO
    4 | 0.6129237288 | -0.0021186441 | 0.6125000000 | -0.0021186441 |      0 | 0.6129237288 | -0.0021186441 | 0.6125000000 | -0.0021186441 |      0 | NO
    5 | 0.6118644068 | -0.0021186441 | 0.6114406780 | -0.0021186441 |      0 | 0.6118644068 | -0.0021186441 | 0.6114406780 | -0.0021186441 |      0 | NO
    6 | 0.6108050847 | -0.0021186441 | 0.6103813559 | -0.0021186441 |      0 | 0.6108050847 | -0.0021186441 | 0.6103813559 | -0.0021186441 |      0 | NO
    7 | 0.6097457627 | -0.0021186441 | 0.6093220339 | -0.0021186441 |      0 | 0.6097457627 | -0.0021186441 | 0.6093220339 | -0.0021186441 |      0 | NO
    8 | 0.6086864407 | -0.0021186441 | 0.6082627119 | -0.0021186441 |      0 | 0.6086864407 | -0.0021186441 | 0.6082627119 | -0.0021186441 |      0 | NO
    9 | 0.6076271186 | -0.0021186441 | 0.6072033898 | -0.0021186441 |      0 | 0.6076271186 | -0.0021186441 | 0.6072033898 | -0.0021186441 |      0 | NO
   10 | 0.6065677966 | -0.0021186441 | 0.6061440678 | -0.0021186441 |      0 | 0.6065677966 | -0.0021186441 | 0.6061440678 | -0.0021186441 |      0 | NO
   11 | 0.6055084746 | -0.0021186441 | 0.6050847458 | -0.0021186441 |      0 | 0.6055084746 | -0.0021186441 | 0.6050847458 | -0.0021186441 |      0 | NO
   12 | 0.6044491525 | -0.0021186441 | 0.6040254237 | -0.0021186441 |      0 | 0.6044491525 | -0.0021186441 | 0.6040254237 | -0.0021186441 |      0 | NO
   13 | 0.6033898305 | -0.0021186441 | 0.6029661017 | -0.0021186441 |      0 | 0.6033898305 | -0.0021186441 | 0.6029661017 | -0.0021186441 |      0 | NO
   14 | 0.6023305085 | -0.0021186441 | 0.6019067797 | -0.0021186441 |      0 | 0.6023305085 | -0.0021186441 | 0.6019067797 | -0.0021186441 |      0 | NO
   15 | 0.6012711864 | -0.0021186441 | 0.6008474576 | -0.0021186441 |      0 | 0.6012711864 | -0.0021186441 | 0.6008474576 | -0.0021186441 |      0 | NO
   16 | 0.6002118644 | -0.0021186441 | 0.5997881356 | -0.0021186441 |      0 | 0.6002118644 | -0.0021186441 | 0.5997881356 | -0.0021186441 |      0 | NO
   17 | 0.5991525424 | -0.0021186441 | 0.5987288136 | -0.0021186441 |      0 | 0.5991525424 | -0.0021186441 | 0.5987288136 | -0.0021186441 |      0 | NO
   18 | 0.5980932203 | -0.0021186441 | 0.5976694915 | -0.0021186441 |      0 | 0.5980932203 | -0.0021186441 | 0.5976694915 | -0.0021186441 |      0 | NO
   19 | 0.5970338983 | -0.0021186441 | 0.5966101695 | -0.0021186441 |      0 | 0.5970338983 | -0.0021186441 | 0.5966101695 | -0.0021186441 |      0 | NO
   20 | 0.5959745763 | -0.0021186441 | 0.5955508475 | -0.0021186441 |      0 | 0.5959745763 | -0.0021186441 | 0.5955508475 | -0.0021186441 |      0 | NO
   21 | 0.5949152542 | -0.0021186441 | 0.5944915254 | -0.0021186441 |      0 | 0.5949152542 | -0.0021186441 | 0.5944915254 | -0.0021186441 |      0 | NO
   22 | 0.5938559322 | -0.0021186441 | 0.5934322034 | -0.0021186441 |      0 | 0.5938559322 | -0.0021186441 | 0.5934322034 | -0.0021186441 |      0 | NO
   23 | 0.5927966102 | -0.0021186441 | 0.5923728814 | -0.0021186441 |      0 | 0.5927966102 | -0.0021186441 | 0.5923728814 | -0.0021186441 |      0 | NO
   24 | 0.5917372881 | -0.0021186441 | 0.5913135593 | -0.0021186441 |      0 | 0.5917372881 | -0.0021186441 | 0.5913135593 | -0.0021186441 |      0 | NO
   25 | 0.5906779661 | -0.0021186441 | 0.5902542373 | -0.0021186441 |      0 | 0.5906779661 | -0.0021186441 | 0.5902542373 | -0.0021186441 |      0 | NO
   26 | 0.5896186441 | -0.0021186441 | 0.5891949153 | -0.0021186441 |      0 | 0.5896186441 | -0.0021186441 | 0.5891949153 | -0.0021186441 |      0 | NO
   27 | 0.5885593220 | -0.0021186441 | 0.5881355932 | -0.0021186441 |      0 | 0.5885593220 | -0.0021186441 | 0.5881355932 | -0.0021186441 |      0 | NO
   28 | 0.5875000000 | -0.0021186441 | 0.5870762712 | -0.0021186441 |      0 | 0.5875000000 | -0.0021186441 | 0.5870762712 | -0.0021186441 |      0 | NO
   29 | 0.5864406780 | -0.0021186441 | 0.5860169492 | -0.0021186441 |      0 | 0.5864406780 | -0.0021186441 | 0.5860169492 | -0.0021186441 |      0 | NO
   30 | 0.5853813559 | -0.0021186441 | 0.5849576271 | -0.0021186441 |      0 | 0.5853813559 | -0.0021186441 | 0.5849576271 | -0.0021186441 |      0 | NO
   31 | 0.5843220339 | -0.0021186441 | 0.5838983051 | -0.0021186441 |      0 | 0.5843220339 | -0.0021186441 | 0.5838983051 | -0.0021186441 |      0 | NO
   32 | 0.5832627119 | -0.0021186441 | 0.5828389831 | -0.0021186441 |      0 | 0.5832627119 | -0.0021186441 | 0.5828389831 | -0.0021186441 |      0 | NO
   33 | 0.5822033898 | -0.0021186441 | 0.5817796610 | -0.0021186441 |      0 | 0.5822033898 | -0.0021186441 | 0.5817796610 | -0.0021186441 |      0 | NO
   34 | 0.5811440678 | -0.0021186441 | 0.5807203390 | -0.0021186441 |      0 | 0.5811440678 | -0.0021186441 | 0.5807203390 | -0.0021186441 |      0 | NO
   35 | 0.5800847458 | -0.0021186441 | 0.5796610169 | -0.0021186441 |      0 | 0.5800847458 | -0.0021186441 | 0.5796610169 | -0.0021186441 |      0 | NO
   36 | 0.5790254237 | -0.0021186441 | 0.5786016949 | -0.0021186441 |      0 | 0.5790254237 | -0.0021186441 | 0.5786016949 | -0.0021186441 |      0 | NO
   37 | 0.5779661017 | -0.0021186441 | 0.5775423729 | -0.0021186441 |      0 | 0.5779661017 | -0.0021186441 | 0.5775423729 | -0.0021186441 |      0 | NO
   38 | 0.5769067797 | -0.0021186441 | 0.5764830508 | -0.0021186441 |      0 | 0.5769067797 | -0.0021186441 | 0.5764830508 | -0.0021186441 |      0 | NO
   39 | 0.5758474576 | -0.0021186441 | 0.5754237288 | -0.0021186441 |      0 | 0.5758474576 | -0.0021186441 | 0.5754237288 | -0.0021186441 |      0 | NO
   40 | 0.5747881356 | -0.0021186441 | 0.5743644068 | -0.0021186441 |      0 | 0.5747881356 | -0.0021186441 | 0.5743644068 | -0.0021186441 |      0 | NO
   41 | 0.5737288136 | -0.0021186441 | 0.5733050847 | -0.0021186441 |      0 | 0.5737288136 | -0.0021186441 | 0.5733050847 | -0.0021186441 |      0 | NO
   42 | 0.5726694915 | -0.0021186441 | 0.5722457627 | -0.0021186441 |      0 | 0.5726694915 | -0.0021186441 | 0.5722457627 | -0.0021186441 |      0 | NO
   43 | 0.5716101695 | -0.0021186441 | 0.5711864407 | -0.0021186441 |      0 | 0.5716101695 | -0.0021186441 | 0.5711864407 | -0.0021186441 |      0 | NO
   44 | 0.5705508475 | -0.0021186441 | 0.5701271186 | -0.0021186441 |      0 | 0.5705508475 | -0.0021186441 | 0.5701271186 | -0.0021186441 |      0 | NO
   45 | 0.5694915254 | -0.0021186441 | 0.5690677966 | -0.0021186441 |      0 | 0.5694915254 | -0.0021186441 | 0.5690677966 | -0.0021186441 |      0 | NO
   46 | 0.5684322034 | -0.0021186441 | 0.5680084746 | -0.0021186441 |      0 | 0.5684322034 | -0.0021186441 | 0.5680084746 | -0.0021186441 |      0 | NO
   47 | 0.5673728814 | -0.0021186441 | 0.5669491525 | -0.0021186441 |      0 | 0.5673728814 | -0.0021186441 | 0.5669491525 | -0.0021186441 |      0 | NO
   48 | 0.5663135593 | -0.0021186441 | 0.5658898305 | -0.0021186441 |      0 | 0.5663135593 | -0.0021186441 | 0.5658898305 | -0.0021186441 |      0 | NO
   49 | 0.5652542373 | -0.0021186441 | 0.5648305085 | -0.0021186441 |      0 | 0.5652542373 | -0.0021186441 | 0.5648305085 | -0.0021186441 |      0 | NO
   50 | 0.5641949153 | -0.0021186441 | 0.5637711864 | -0.0021186441 |      0 | 0.5641949153 | -0.0021186441 | 0.5637711864 | -0.0021186441 |      0 | NO
   51 | 0.5631355932 | -0.0021186441 | 0.5627118644 | -0.0021186441 |      0 | 0.5631355932 | -0.0021186441 | 0.5627118644 | -0.0021186441 |      0 | NO
   52 | 0.5620762712 | -0.0021186441 | 0.5616525424 | -0.0021186441 |      0 | 0.5620762712 | -0.0021186441 | 0.5616525424 | -0.0021186441 |      0 | NO
   53 | 0.5610169492 | -0.0021186441 | 0.5605932203 | -0.0021186441 |      0 | 0.5610169492 | -0.0021186441 | 0.5605932203 | -0.0021186441 |      0 | NO
   54 | 0.5599576271 | -0.0021186441 | 0.5595338983 | -0.0021186441 |      0 | 0.5599576271 | -0.0021186441 | 0.5595338983 | -0.0021186441 |      0 | NO
   55 | 0.5588983051 | -0.0021186441 | 0.5584745763 | -0.0021186441 |      0 | 0.5588983051 | -0.0021186441 | 0.5584745763 | -0.0021186441 |      0 | NO
   56 | 0.5578389831 | -0.0021186441 | 0.5574152542 | -0.0021186441 |      0 | 0.5578389831 | -0.0021186441 | 0.5574152542 | -0.0021186441 |      0 | NO
   57 | 0.5567796610 | -0.0021186441 | 0.5563559322 | -0.0021186441 |      0 | 0.5567796610 | -0.0021186441 | 0.5563559322 | -0.0021186441 |      0 | NO
   58 | 0.5557203390 | -0.0021186441 | 0.5552966102 | -0.0021186441 |      0 | 0.5557203390 | -0.0021186441 | 0.5552966102 | -0.0021186441 |      0 | NO
   59 | 0.5546610169 | -0.0021186441 | 0.5542372881 | -0.0021186441 |      0 | 0.5546610169 | -0.0021186441 | 0.5542372881 | -0.0021186441 |      0 | NO
   60 | 0.5536016949 | -0.0021186441 | 0.5531779661 | -0.0021186441 |      0 | 0.5536016949 | -0.0021186441 | 0.5531779661 | -0.0021186441 |      0 | NO
   61 | 0.5525423729 | -0.0021186441 | 0.5521186441 | -0.0021186441 |      0 | 0.5525423729 | -0.0021186441 | 0.5521186441 | -0.0021186441 |      0 | NO
   62 | 0.5514830508 | -0.0021186441 | 0.5510593220 | -0.0021186441 |      0 | 0.5514830508 | -0.0021186441 | 0.5510593220 | -0.0021186441 |      0 | NO
   63 | 0.5504237288 | -0.0021186441 | 0.5500000000 | -0.0021186441 |      0 | 0.5504237288 | -0.0021186441 | 0.5500000000 | -0.0021186441 |      0 | NO
   64 | 0.5493644068 | -0.0021186441 | 0.5489406780 | -0.0021186441 |      0 | 0.5493644068 | -0.0021186441 | 0.5489406780 | -0.0021186441 |      0 | NO
   65 | 0.5483050847 | -0.0021186441 | 0.5478813559 | -0.0021186441 |      0 | 0.5483050847 | -0.0021186441 | 0.5478813559 | -0.0021186441 |      0 | NO
   66 | 0.5472457627 | -0.0021186441 | 0.5468220339 | -0.0021186441 |      0 | 0.5472457627 | -0.0021186441 | 0.5468220339 | -0.0021186441 |      0 | NO
   67 | 0.5461864407 | -0.0021186441 | 0.5457627119 | -0.0021186441 |      0 | 0.5461864407 | -0.0021186441 | 0.5457627119 | -0.0021186441 |      0 | NO
   68 | 0.5451271186 | -0.0021186441 | 0.5447033898 | -0.0021186441 |      0 | 0.5451271186 | -0.0021186441 | 0.5447033898 | -0.0021186441 |      0 | NO
   69 | 0.5440677966 | -0.0021186441 | 0.5436440678 | -0.0021186441 |      0 | 0.5440677966 | -0.0021186441 | 0.5436440678 | -0.0021186441 |      0 | NO
   70 | 0.5430084746 | -0.0021186441 | 0.5425847458 | -0.0021186441 |      0 | 0.5430084746 | -0.0021186441 | 0.5425847458 | -0.0021186441 |      0 | NO
   71 | 0.5419491525 | -0.0021186441 | 0.5415254237 | -0.0021186441 |      0 | 0.5419491525 | -0.0021186441 | 0.5415254237 | -0.0021186441 |      0 | NO
   72 | 0.5408898305 | -0.0021186441 | 0.5404661017 | -0.0021186441 |      0 | 0.5408898305 | -0.0021186441 | 0.5404661017 | -0.0021186441 |      0 | NO
   73 | 0.5398305085 | -0.0021186441 | 0.5394067797 | -0.0021186441 |      0 | 0.5398305085 | -0.0021186441 | 0.5394067797 | -0.0021186441 |      0 | NO
   74 | 0.5387711864 | -0.0021186441 | 0.5383474576 | -0.0021186441 |      0 | 0.5387711864 | -0.0021186441 | 0.5383474576 | -0.0021186441 |      0 | NO
   75 | 0.5377118644 | -0.0021186441 | 0.5372881356 | -0.0021186441 |      0 | 0.5377118644 | -0.0021186441 | 0.5372881356 | -0.0021186441 |      0 | NO
   76 | 0.5366525424 | -0.0021186441 | 0.5362288136 | -0.0021186441 |      0 | 0.5366525424 | -0.0021186441 | 0.5362288136 | -0.0021186441 |      0 | NO
   77 | 0.5355932203 | -0.0021186441 | 0.5351694915 | -0.0021186441 |      0 | 0.5355932203 | -0.0021186441 | 0.5351694915 | -0.0021186441 |      0 | NO
   78 | 0.5345338983 | -0.0021186441 | 0.5341101695 | -0.0021186441 |      0 | 0.5345338983 | -0.0021186441 | 0.5341101695 | -0.0021186441 |      0 | NO
   79 | 0.5334745763 | -0.0021186441 | 0.5330508475 | -0.0021186441 |      0 | 0.5334745763 | -0.0021186441 | 0.5330508475 | -0.0021186441 |      0 | NO
   80 | 0.5324152542 | -0.0021186441 | 0.5319915254 | -0.0021186441 |      0 | 0.5324152542 | -0.0021186441 | 0.5319915254 | -0.0021186441 |      0 | NO
   81 | 0.5313559322 | -0.0021186441 | 0.5309322034 | -0.0021186441 |      0 | 0.5313559322 | -0.0021186441 | 0.5309322034 | -0.0021186441 |      0 | NO
   82 | 0.5302966102 | -0.0021186441 | 0.5298728814 | -0.0021186441 |      0 | 0.5302966102 | -0.0021186441 | 0.5298728814 | -0.0021186441 |      0 | NO
   83 | 0.5292372881 | -0.0021186441 | 0.5288135593 | -0.0021186441 |      0 | 0.5292372881 | -0.0021186441 | 0.5288135593 | -0.0021186441 |      0 | NO
   84 | 0.5281779661 | -0.0021186441 | 0.5277542373 | -0.0021186441 |      0 | 0.5281779661 | -0.0021186441 | 0.5277542373 | -0.0021186441 |      0 | NO
   85 | 0.5271186441 | -0.0021186441 | 0.5266949153 | -0.0021186441 |      0 | 0.5271186441 | -0.0021186441 | 0.5266949153 | -0.0021186441 |      0 | NO
   86 | 0.5260593220 | -0.0021186441 | 0.5256355932 | -0.0021186441 |      0 | 0.5260593220 | -0.0021186441 | 0.5256355932 | -0.0021186441 |      0 | NO
   87 | 0.5250000000 | -0.0021186441 | 0.5245762712 | -0.0021186441 |      0 | 0.5250000000 | -0.0021186441 | 0.5245762712 | -0.0021186441 |      0 | NO
   88 | 0.5241479610 | -0.0017040779 | 0.5235577776 | -0.0020369871 |      0 | 0.5241479610 | -0.0017040779 | 0.5235577776 | -0.0020369871 |      0 | NO
   90 | 0.5239456480 | -0.0021050131 | 0.5252171048 | -0.0019351863 |      0 | 0.5239456480 | -0.0021050131 | 0.5220813320 | -0.0018860761 |      0 | YES
   92 | 0.5243776490 | 0.0012260628 | 0.5231594785 | -0.0018878618 |      0 | 0.5237762607 | -0.0015052375 | 0.5212473214 | -0.0006012060 |      0 | YES
   93 | 0.5250744582 | 0.0013936183 | 0.5236877233 | 0.0010564896 |      0 | 0.5261800155 | 0.0048075095 | 0.5237688124 | 0.0050429818 |      0 | YES
   94 | 0.5257712674 | 0.0013936183 | 0.5260062208 | 0.0046369948 |      0 | 0.5268704233 | 0.0013808157 | 0.5231917941 | -0.0011540365 |      0 | YES
   95 | 0.5262499700 | 0.0009574052 | 0.5261823507 | 0.0003522598 |      0 | 0.5268884553 | 0.0000360640 | 0.5246766168 | 0.0029696455 |      0 | YES
   96 | 0.5286311000 | 0.0047622600 | 0.5267829968 | 0.0012012923 |      0 | 0.5275314278 | 0.0012859450 | 0.5244965674 | -0.0003600989 |      0 | YES
   97 | 0.5305471045 | 0.0038320091 | 0.5273836430 | 0.0012012923 |      0 | 0.5275148012 | -0.0000332532 | 0.5243165179 | -0.0003600989 |      0 | YES
   98 | 0.5324631091 | 0.0038320091 | 0.5279842891 | 0.0012012923 |      0 | 0.5293841041 | 0.0037386057 | 0.5260948674 | 0.0035566989 |      0 | YES
   99 | 0.5336622681 | 0.0023983180 | 0.5305340845 | 0.0050995907 |      0 | 0.5300905191 | 0.0014128300 | 0.5289743279 | 0.0057589211 |      1 | YES

First divergence at frame 90
