Frame | BF_l1_p1.x | BF_l1_vel.x | BF_l2_p1.x | BF_l2_vel.x | BF_res | QT_l1_p1.x | QT_l1_vel.x | QT_l2_p1.x | QT_l2_vel.x | QT_res | Diverged | Missing
------|------------|-------------|------------|-------------|--------|------------|-------------|------------|-------------|--------|----------|--------
    1 | 0.6237288136 | -0.0021186441 | 0.6211864407 | -0.0021186441 | 0      | 0.6237288136 | -0.0021186441 | 0.6211864407 | -0.0021186441 | 0      | NO        | NO
    2 | 0.6226694915 | -0.0021186441 | 0.6201271186 | -0.0021186441 | 0      | 0.6226694915 | -0.0021186441 | 0.6201271186 | -0.0021186441 | 0      | NO        | NO
    3 | 0.6216101695 | -0.0021186441 | 0.6190677966 | -0.0021186441 | 0      | 0.6216101695 | -0.0021186441 | 0.6190677966 | -0.0021186441 | 0      | NO        | NO
    4 | 0.6205508475 | -0.0021186441 | 0.6180084746 | -0.0021186441 | 0      | 0.6205508475 | -0.0021186441 | 0.6180084746 | -0.0021186441 | 0      | NO        | NO
    5 | 0.6194915254 | -0.0021186441 | 0.6169491525 | -0.0021186441 | 0      | 0.6194915254 | -0.0021186441 | 0.6169491525 | -0.0021186441 | 0      | NO        | NO
    6 | 0.6184322034 | -0.0021186441 | 0.6158898305 | -0.0021186441 | 0      | 0.6184322034 | -0.0021186441 | 0.6158898305 | -0.0021186441 | 0      | NO        | NO
    7 | 0.6173728814 | -0.0021186441 | 0.6148305085 | -0.0021186441 | 0      | 0.6173728814 | -0.0021186441 | 0.6148305085 | -0.0021186441 | 0      | NO        | NO
    8 | 0.6163135593 | -0.0021186441 | 0.6137711864 | -0.0021186441 | 0      | 0.6163135593 | -0.0021186441 | 0.6137711864 | -0.0021186441 | 0      | NO        | NO
    9 | 0.6152542373 | -0.0021186441 | 0.6127118644 | -0.0021186441 | 0      | 0.6152542373 | -0.0021186441 | 0.6127118644 | -0.0021186441 | 0      | NO        | NO
   10 | 0.6141949153 | -0.0021186441 | 0.6116525424 | -0.0021186441 | 0      | 0.6141949153 | -0.0021186441 | 0.6116525424 | -0.0021186441 | 0      | NO        | NO
   11 | 0.6131355932 | -0.0021186441 | 0.6105932203 | -0.0021186441 | 0      | 0.6131355932 | -0.0021186441 | 0.6105932203 | -0.0021186441 | 0      | NO        | NO
   12 | 0.6120762712 | -0.0021186441 | 0.6095338983 | -0.0021186441 | 0      | 0.6120762712 | -0.0021186441 | 0.6095338983 | -0.0021186441 | 0      | NO        | NO
   13 | (BF only - QT missing)
   14 | 0.6099576271 | -0.0021186441 | 0.6074152542 | -0.0021186441 | 0      | 0.6099576271 | -0.0021186441 | 0.6074152542 | -0.0021186441 | 0      | NO        | NO
   15 | 0.6088983051 | -0.0021186441 | 0.6063559322 | -0.0021186441 | 0      | 0.6088983051 | -0.0021186441 | 0.6063559322 | -0.0021186441 | 0      | NO        | NO
   16 | 0.6078389831 | -0.0021186441 | 0.6052966102 | -0.0021186441 | 0      | 0.6078389831 | -0.0021186441 | 0.6052966102 | -0.0021186441 | 0      | NO        | NO
   17 | 0.6067796610 | -0.0021186441 | 0.6042372881 | -0.0021186441 | 0      | 0.6067796610 | -0.0021186441 | 0.6042372881 | -0.0021186441 | 0      | NO        | NO
   18 | 0.6057203390 | -0.0021186441 | 0.6031779661 | -0.0021186441 | 0      | 0.6057203390 | -0.0021186441 | 0.6031779661 | -0.0021186441 | 0      | NO        | NO
   19 | 0.6046610169 | -0.0021186441 | 0.6021186441 | -0.0021186441 | 0      | 0.6046610169 | -0.0021186441 | 0.6021186441 | -0.0021186441 | 0      | NO        | NO
   20 | 0.6036016949 | -0.0021186441 | 0.6010593220 | -0.0021186441 | 0      | 0.6036016949 | -0.0021186441 | 0.6010593220 | -0.0021186441 | 0      | NO        | NO
   21 | 0.6025423729 | -0.0021186441 | 0.6000000000 | -0.0021186441 | 0      | 0.6025423729 | -0.0021186441 | 0.6000000000 | -0.0021186441 | 0      | NO        | NO
   22 | 0.6014830508 | -0.0021186441 | 0.5989406780 | -0.0021186441 | 0      | 0.6014830508 | -0.0021186441 | 0.5989406780 | -0.0021186441 | 0      | NO        | NO
   23 | 0.6004237288 | -0.0021186441 | 0.5978813559 | -0.0021186441 | 0      | 0.6004237288 | -0.0021186441 | 0.5978813559 | -0.0021186441 | 0      | NO        | NO
   24 | 0.5993644068 | -0.0021186441 | 0.5968220339 | -0.0021186441 | 0      | 0.5993644068 | -0.0021186441 | 0.5968220339 | -0.0021186441 | 0      | NO        | NO
   25 | 0.5983050847 | -0.0021186441 | 0.5957627119 | -0.0021186441 | 0      | 0.5983050847 | -0.0021186441 | 0.5957627119 | -0.0021186441 | 0      | NO        | NO
   26 | 0.5972457627 | -0.0021186441 | 0.5947033898 | -0.0021186441 | 0      | 0.5972457627 | -0.0021186441 | 0.5947033898 | -0.0021186441 | 0      | NO        | NO
   27 | 0.5961864407 | -0.0021186441 | 0.5936440678 | -0.0021186441 | 0      | 0.5961864407 | -0.0021186441 | 0.5936440678 | -0.0021186441 | 0      | NO        | NO
   28 | 0.5951271186 | -0.0021186441 | 0.5925847458 | -0.0021186441 | 0      | 0.5951271186 | -0.0021186441 | 0.5925847458 | -0.0021186441 | 0      | NO        | NO
   29 | 0.5940677966 | -0.0021186441 | 0.5915254237 | -0.0021186441 | 0      | 0.5940677966 | -0.0021186441 | 0.5915254237 | -0.0021186441 | 0      | NO        | NO
   30 | 0.5930084746 | -0.0021186441 | 0.5904661017 | -0.0021186441 | 0      | 0.5930084746 | -0.0021186441 | 0.5904661017 | -0.0021186441 | 0      | NO        | NO
   31 | 0.5919491525 | -0.0021186441 | 0.5894067797 | -0.0021186441 | 0      | 0.5919491525 | -0.0021186441 | 0.5894067797 | -0.0021186441 | 0      | NO        | NO
   32 | 0.5908898305 | -0.0021186441 | 0.5883474576 | -0.0021186441 | 0      | 0.5908898305 | -0.0021186441 | 0.5883474576 | -0.0021186441 | 0      | NO        | NO
   33 | 0.5898305085 | -0.0021186441 | 0.5872881356 | -0.0021186441 | 0      | 0.5898305085 | -0.0021186441 | 0.5872881356 | -0.0021186441 | 0      | NO        | NO
   34 | 0.5887711864 | -0.0021186441 | 0.5862288136 | -0.0021186441 | 0      | 0.5887711864 | -0.0021186441 | 0.5862288136 | -0.0021186441 | 0      | NO        | NO
   35 | 0.5877118644 | -0.0021186441 | 0.5851694915 | -0.0021186441 | 0      | 0.5877118644 | -0.0021186441 | 0.5851694915 | -0.0021186441 | 0      | NO        | NO
   36 | 0.5866525424 | -0.0021186441 | 0.5841101695 | -0.0021186441 | 0      | 0.5866525424 | -0.0021186441 | 0.5841101695 | -0.0021186441 | 0      | NO        | NO
   37 | 0.5855932203 | -0.0021186441 | 0.5830508475 | -0.0021186441 | 0      | 0.5855932203 | -0.0021186441 | 0.5830508475 | -0.0021186441 | 0      | NO        | NO
   38 | 0.5845338983 | -0.0021186441 | 0.5819915254 | -0.0021186441 | 0      | 0.5845338983 | -0.0021186441 | 0.5819915254 | -0.0021186441 | 0      | NO        | NO
   39 | 0.5834745763 | -0.0021186441 | 0.5809322034 | -0.0021186441 | 0      | 0.5834745763 | -0.0021186441 | 0.5809322034 | -0.0021186441 | 0      | NO        | NO
   40 | 0.5824152542 | -0.0021186441 | 0.5798728814 | -0.0021186441 | 0      | 0.5824152542 | -0.0021186441 | 0.5798728814 | -0.0021186441 | 0      | NO        | NO
   41 | 0.5813559322 | -0.0021186441 | 0.5788135593 | -0.0021186441 | 0      | 0.5813559322 | -0.0021186441 | 0.5788135593 | -0.0021186441 | 0      | NO        | NO
   42 | (BF only - QT missing)
   43 | 0.5792372881 | -0.0021186441 | 0.5766949153 | -0.0021186441 | 0      | 0.5792372881 | -0.0021186441 | 0.5766949153 | -0.0021186441 | 0      | NO        | NO
   44 | 0.5781779661 | -0.0021186441 | 0.5756355932 | -0.0021186441 | 0      | 0.5781779661 | -0.0021186441 | 0.5756355932 | -0.0021186441 | 0      | NO        | NO
   45 | 0.5771186441 | -0.0021186441 | 0.5745762712 | -0.0021186441 | 0      | 0.5771186441 | -0.0021186441 | 0.5745762712 | -0.0021186441 | 0      | NO        | NO
   46 | 0.5760593220 | -0.0021186441 | 0.5735169492 | -0.0021186441 | 0      | 0.5760593220 | -0.0021186441 | 0.5735169492 | -0.0021186441 | 0      | NO        | NO
   47 | 0.5750000000 | -0.0021186441 | 0.5724576271 | -0.0021186441 | 0      | 0.5750000000 | -0.0021186441 | 0.5724576271 | -0.0021186441 | 0      | NO        | NO
   48 | 0.5739406780 | -0.0021186441 | 0.5713983051 | -0.0021186441 | 0      | 0.5739406780 | -0.0021186441 | 0.5713983051 | -0.0021186441 | 0      | NO        | NO
   49 | 0.5728813559 | -0.0021186441 | 0.5703389831 | -0.0021186441 | 0      | 0.5728813559 | -0.0021186441 | 0.5703389831 | -0.0021186441 | 0      | NO        | NO
   50 | 0.5718220339 | -0.0021186441 | 0.5692796610 | -0.0021186441 | 0      | 0.5718220339 | -0.0021186441 | 0.5692796610 | -0.0021186441 | 0      | NO        | NO
   51 | 0.5707627119 | -0.0021186441 | 0.5682203390 | -0.0021186441 | 0      | 0.5707627119 | -0.0021186441 | 0.5682203390 | -0.0021186441 | 0      | NO        | NO
   52 | 0.5697033898 | -0.0021186441 | 0.5671610169 | -0.0021186441 | 0      | 0.5697033898 | -0.0021186441 | 0.5671610169 | -0.0021186441 | 0      | NO        | NO
   53 | 0.5686440678 | -0.0021186441 | 0.5661016949 | -0.0021186441 | 0      | 0.5686440678 | -0.0021186441 | 0.5661016949 | -0.0021186441 | 0      | NO        | NO
   54 | 0.5675847458 | -0.0021186441 | 0.5650423729 | -0.0021186441 | 0      | 0.5675847458 | -0.0021186441 | 0.5650423729 | -0.0021186441 | 0      | NO        | NO
   55 | 0.5665254237 | -0.0021186441 | 0.5639830508 | -0.0021186441 | 0      | 0.5665254237 | -0.0021186441 | 0.5639830508 | -0.0021186441 | 0      | NO        | NO
   56 | 0.5654661017 | -0.0021186441 | 0.5629237288 | -0.0021186441 | 0      | 0.5654661017 | -0.0021186441 | 0.5629237288 | -0.0021186441 | 0      | NO        | NO
   57 | (BF only - QT missing)
   58 | 0.5633474576 | -0.0021186441 | 0.5608050847 | -0.0021186441 | 0      | 0.5633474576 | -0.0021186441 | 0.5608050847 | -0.0021186441 | 0      | NO        | NO
   59 | 0.5622881356 | -0.0021186441 | 0.5597457627 | -0.0021186441 | 0      | 0.5622881356 | -0.0021186441 | 0.5597457627 | -0.0021186441 | 0      | NO        | NO
   60 | 0.5612288136 | -0.0021186441 | 0.5586864407 | -0.0021186441 | 0      | 0.5612288136 | -0.0021186441 | 0.5586864407 | -0.0021186441 | 0      | NO        | NO
   61 | 0.5601694915 | -0.0021186441 | 0.5576271186 | -0.0021186441 | 0      | 0.5601694915 | -0.0021186441 | 0.5576271186 | -0.0021186441 | 0      | NO        | NO
   62 | 0.5591101695 | -0.0021186441 | 0.5565677966 | -0.0021186441 | 0      | 0.5591101695 | -0.0021186441 | 0.5565677966 | -0.0021186441 | 0      | NO        | NO
   63 | 0.5580508475 | -0.0021186441 | 0.5555084746 | -0.0021186441 | 0      | 0.5580508475 | -0.0021186441 | 0.5555084746 | -0.0021186441 | 0      | NO        | NO
   64 | 0.5569915254 | -0.0021186441 | 0.5544491525 | -0.0021186441 | 0      | 0.5569915254 | -0.0021186441 | 0.5544491525 | -0.0021186441 | 0      | NO        | NO
   65 | 0.5559322034 | -0.0021186441 | 0.5533898305 | -0.0021186441 | 0      | 0.5559322034 | -0.0021186441 | 0.5533898305 | -0.0021186441 | 0      | NO        | NO
   66 | 0.5548728814 | -0.0021186441 | 0.5523305085 | -0.0021186441 | 0      | 0.5548728814 | -0.0021186441 | 0.5523305085 | -0.0021186441 | 0      | NO        | NO
   67 | 0.5538135593 | -0.0021186441 | 0.5512711864 | -0.0021186441 | 0      | 0.5538135593 | -0.0021186441 | 0.5512711864 | -0.0021186441 | 0      | NO        | NO
   68 | 0.5527542373 | -0.0021186441 | 0.5502118644 | -0.0021186441 | 0      | 0.5527542373 | -0.0021186441 | 0.5502118644 | -0.0021186441 | 0      | NO        | NO
   69 | 0.5516949153 | -0.0021186441 | 0.5491525424 | -0.0021186441 | 0      | 0.5516949153 | -0.0021186441 | 0.5491525424 | -0.0021186441 | 0      | NO        | NO
   70 | 0.5506355932 | -0.0021186441 | 0.5480932203 | -0.0021186441 | 0      | 0.5506355932 | -0.0021186441 | 0.5480932203 | -0.0021186441 | 0      | NO        | NO
   71 | 0.5495762712 | -0.0021186441 | 0.5470338983 | -0.0021186441 | 0      | 0.5495762712 | -0.0021186441 | 0.5470338983 | -0.0021186441 | 0      | NO        | NO
   72 | (BF only - QT missing)
   73 | 0.5474576271 | -0.0021186441 | 0.5449152542 | -0.0021186441 | 0      | 0.5474576271 | -0.0021186441 | 0.5449152542 | -0.0021186441 | 0      | NO        | NO
   74 | 0.5463983051 | -0.0021186441 | 0.5438559322 | -0.0021186441 | 0      | 0.5463983051 | -0.0021186441 | 0.5438559322 | -0.0021186441 | 0      | NO        | NO
   75 | 0.5453389831 | -0.0021186441 | 0.5427966102 | -0.0021186441 | 0      | 0.5453389831 | -0.0021186441 | 0.5427966102 | -0.0021186441 | 0      | NO        | NO
   76 | 0.5442796610 | -0.0021186441 | 0.5417372881 | -0.0021186441 | 0      | 0.5442796610 | -0.0021186441 | 0.5417372881 | -0.0021186441 | 0      | NO        | NO
   77 | 0.5432203390 | -0.0021186441 | 0.5406779661 | -0.0021186441 | 0      | 0.5432203390 | -0.0021186441 | 0.5406779661 | -0.0021186441 | 0      | NO        | NO
   78 | 0.5421610169 | -0.0021186441 | 0.5396186441 | -0.0021186441 | 0      | 0.5421610169 | -0.0021186441 | 0.5396186441 | -0.0021186441 | 0      | NO        | NO
   79 | 0.5411016949 | -0.0021186441 | 0.5385593220 | -0.0021186441 | 0      | 0.5411016949 | -0.0021186441 | 0.5385593220 | -0.0021186441 | 0      | NO        | NO
   80 | 0.5400423729 | -0.0021186441 | 0.5375000000 | -0.0021186441 | 0      | 0.5400423729 | -0.0021186441 | 0.5375000000 | -0.0021186441 | 0      | NO        | NO
   81 | 0.5389830508 | -0.0021186441 | 0.5364406780 | -0.0021186441 | 0      | 0.5389830508 | -0.0021186441 | 0.5364406780 | -0.0021186441 | 0      | NO        | NO
   82 | 0.5379237288 | -0.0021186441 | 0.5353813559 | -0.0021186441 | 0      | 0.5379237288 | -0.0021186441 | 0.5353813559 | -0.0021186441 | 0      | NO        | NO
   83 | 0.5368644068 | -0.0021186441 | 0.5343220339 | -0.0021186441 | 0      | 0.5368644068 | -0.0021186441 | 0.5343220339 | -0.0021186441 | 0      | NO        | NO
   84 | 0.5358050847 | -0.0021186441 | 0.5332627119 | -0.0021186441 | 0      | 0.5358050847 | -0.0021186441 | 0.5332627119 | -0.0021186441 | 0      | NO        | NO
   85 | 0.5347457627 | -0.0021186441 | 0.5322033898 | -0.0021186441 | 0      | 0.5347457627 | -0.0021186441 | 0.5322033898 | -0.0021186441 | 0      | NO        | NO
   86 | 0.5336864407 | -0.0021186441 | 0.5311440678 | -0.0021186441 | 0      | 0.5336864407 | -0.0021186441 | 0.5311440678 | -0.0021186441 | 0      | NO        | NO
   87 | 0.5326271186 | -0.0021186441 | 0.5300847458 | -0.0021186441 | 0      | 0.5326271186 | -0.0021186441 | 0.5300847458 | -0.0021186441 | 0      | NO        | NO
   88 | 0.5315677966 | -0.0021186441 | 0.5290254237 | -0.0021186441 | 0      | 0.5315677966 | -0.0021186441 | 0.5290254237 | -0.0021186441 | 0      | NO        | NO
   89 | (BF only - QT missing)
   90 | 0.5308976301 | -0.0018772311 | 0.5287397406 | 0.0015395749 | 0      | 0.5308976301 | -0.0018772311 | 0.5287397406 | 0.0015395749 | 0      | NO        | NO
   91 | (BF only - QT missing)
   92 | 0.5344020374 | 0.0019539740 | 0.5312439634 | 0.0034688706 | 0      | 0.5344020374 | 0.0019539740 | 0.5312439634 | 0.0034688706 | 0      | NO        | NO
   93 | 0.5353790244 | 0.0019539740 | 0.5329783987 | 0.0034688706 | 0      | 0.5353790244 | 0.0019539740 | 0.5329783987 | 0.0034688706 | 0      | NO        | NO
   94 | 0.5363560113 | 0.0019539740 | 0.5363781067 | 0.0067994160 | 0      | 0.5363560113 | 0.0019539740 | 0.5363781067 | 0.0067994160 | 0      | NO        | NO
   95 | 0.5373329983 | 0.0019539740 | 0.5397778147 | 0.0067994160 | 0      | 0.5373329983 | 0.0019539740 | 0.5397778147 | 0.0067994160 | 0      | NO        | NO
   96 | 0.5414192376 | 0.0081724785 | 0.5431775227 | 0.0067994160 | 0      | 0.5382672583 | 0.0018685200 | 0.5431775227 | 0.0067994160 | 0      | YES       | NO
   97 | 0.5455054768 | 0.0081724785 | 0.5465772307 | 0.0067994160 | 0      | 0.5415654012 | 0.0065962857 | 0.5465772307 | 0.0067994160 | 0      | YES       | NO
   98 | 0.5495917161 | 0.0081724785 | 0.5499769387 | 0.0067994160 | 1      | 0.5448635440 | 0.0065962857 | 0.5499769387 | 0.0067994160 | 0      | YES       | NO
   99 | 0.5528041883 | 0.0064249444 | 0.5538759422 | 0.0077980069 | 0      | 0.5481616868 | 0.0065962857 | 0.5533766467 | 0.0067994160 | 0      | YES       | NO
  100 | 0.5560166605 | 0.0064249444 | 0.5564372225 | 0.0051225606 | 1      | 0.5514598296 | 0.0065962857 | 0.5559194346 | 0.0050855758 | 0      | YES       | NO
